4779262,1,47017991,925014,46,65,8050,42
4826618,5,58419077,1325002,47,82,8055,42
1601349,2,29535201,825017,17,82,8076,42
4140400,2,28986594,800041,44,65,8100,42
4443784,3,49041120,25041,46,65,8103,42
3931032,3,45831494,1025011,42,65,8130,42
9067095,5,42795173,1724990,45,65,8133,42
1534328,1,19893830,1624993,8,82,8137,42
935073,2,58124003,925014,9,82,8138,42
2270146,4,5263846,250037,23,65,8145,42
1767968,3,3956289,1175030,16,65,8148,42
2253258,5,7472548,950023,21,82,8149,42
2731713,1,54114209,825017,29,82,8153,42
2309108,7,20401894,1275029,23,65,8159,42
2885880,2,53200773,1424999,15,65,8159,42
2850729,5,41090820,450033,29,82,8162,42
4738095,1,347844,1950003,45,65,8163,42
2721573,3,3799495,875033,27,82,8169,42
3005154,6,48208609,375038,27,65,8176,42
3835680,2,58398689,1650009,40,65,8178,42
5100802,3,37780967,1300041,49,65,8182,42
1693818,2,53307303,600041,18,65,8183,42
100195,3,59659489,1475027,1,82,8183,42
4107995,2,24426787,1475027,41,82,8188,42
9040005,2,8519137,1924984,45,82,8194,42
2582375,1,19447719,1125008,25,82,8204,42
891936,1,59748770,50041,9,65,8204,42
4679904,4,54948676,850025,48,82,8206,42
5002192,3,24588101,1424999,26,65,8208,42
313497,3,45464832,725020,3,65,8208,42
2201900,1,35636452,1575026,20,65,8212,42
4370718,4,18266917,1225005,47,65,8215,42
845536,5,45455683,1750007,8,82,8216,42
3524364,2,54414563,650029,36,65,8216,42
1978137,5,35787333,825017,21,65,8217,42
3435135,4,37706471,1900041,33,82,8229,42
2504875,3,54161766,1475027,25,65,8233,42
1807151,2,29099047,125038,17,82,8245,42
3435300,5,43033829,900041,33,82,8253,42
4338390,3,54535042,1125008,42,65,8258,42
883984,3,59383041,1175030,8,65,8277,42
1923920,1,6512161,1424999,10,82,8280,42
1977957,1,37314784,300041,19,82,8283,42
727279,2,26208001,925014,7,82,8284,42
3826908,6,8075015,125038,36,65,8284,42
2290156,2,49290688,1300041,22,65,8285,42
2396058,5,4924896,1400041,21,65,8309,42
4397347,6,47445379,1824987,23,82,8311,42
2261679,3,45978209,750027,21,82,8313,42
4209657,1,45129605,650029,43,82,8314,42
3481848,3,40203396,41,37,65,8316,42
4476386,3,50784738,500041,43,82,8318,42
2716974,3,3701440,725020,26,65,8321,42
4617408,1,28074338,1424999,24,82,8327,42
2438496,5,34460706,75041,24,82,8330,42
228194,2,39495841,1600041,2,82,8356,42
1974043,5,20895107,925014,19,82,8363,42
2564592,6,15230887,175040,23,65,8364,42
1677934,1,19453472,250037,17,65,8371,42
2978126,4,12827268,1325002,29,82,8385,42
1825568,3,22423840,1400041,16,82,8385,42
2498376,3,9964896,1100041,24,65,8385,42
4016296,6,27685154,1750007,38,82,8395,42
5456484,4,20983462,1524996,27,65,8401,42
2940381,2,38454978,150039,27,65,8401,42
2431146,1,28915781,325032,23,82,8405,42
676228,1,4174883,25041,7,65,8408,42
3484896,5,26773444,150039,32,82,8412,42
1784064,1,44390274,175040,16,65,8417,42
4184622,3,9682720,950023,39,82,8421,42
4422222,1,35505156,1950003,42,65,8425,42
1888717,2,46849091,575036,17,82,8428,42
2671200,6,56600228,425029,28,65,8428,42
4580268,4,50360163,1500041,44,65,8430,42
208192,1,23764935,1700041,2,65,8436,42
477000,1,15497602,425029,5,82,8437,42
4285866,6,32996448,1775024,39,65,8437,42
2114738,5,53808678,375038,19,82,8437,42
95491,3,39529218,1850005,1,82,8441,42
3293640,4,49240868,41,35,65,8445,42
599964,1,26910146,1675025,6,65,8446,42
4611096,2,31802278,41,49,82,8450,42
8603505,6,31742983,1824987,45,82,8451,42
2706522,4,33798404,1500041,26,65,8453,42
4320090,2,48431205,225035,45,82,8454,42
2327623,2,11829734,475037,23,65,8467,42
1915181,4,51917345,875033,19,65,8473,42
3823780,4,10837315,1824987,20,65,8480,42
5044800,3,45606210,525026,48,82,8486,42
3017940,1,7774566,1075031,30,82,8487,42
1572816,6,29773188,450033,16,65,8495,42
5825781,3,57786277,1924984,29,82,8496,42
2308704,2,48374272,1424999,12,65,8498,42
2394300,4,57704130,900041,23,65,8502,42
4563880,1,54843525,1600041,40,65,8505,42
3902640,2,21454402,175040,35,82,8506,42
207794,6,33548580,925014,2,82,8533,42
846900,1,16014949,800041,9,82,8534,42
3811605,3,50260134,150039,35,65,8535,42
1432365,1,40745158,1850005,15,65,8536,42
4141000,4,30863812,675035,41,65,8542,42
2222020,2,51095491,575036,20,82,8556,42
1769666,4,55309088,1300041,17,65,8560,42
2118576,5,31851488,175040,19,82,8561,42
3848256,4,6278022,1150019,36,65,8566,42
3425347,6,5711938,1724990,17,65,8569,42
3484896,1,801764,150039,32,65,8569,42
2304048,3,40399232,225035,24,65,8573,42
3122940,5,17731969,1300041,30,65,8576,42
506005,3,56461859,475037,5,65,8576,42
5296949,1,29563876,550031,49,82,8578,42
5590900,1,17603590,1000041,49,82,8581,42
2626000,1,54333411,675035,26,82,8581,42
2728900,1,43353922,800041,29,65,8585,42
4484908,1,39617859,850025,46,82,8594,42
1603440,1,48756359,1150019,15,82,8608,42
2914660,3,50810919,1900041,28,65,8608,42
1457456,4,28831207,100041,14,82,8613,42
6348936,4,36482752,1424999,33,65,8613,42
3306435,4,55444100,1475027,33,65,8614,42
941970,6,2928770,825017,10,65,8615,42
5205100,1,39665573,500041,50,82,8619,42
3420672,1,43146982,1150019,32,82,8622,42
110900,7,55550213,775034,1,82,8623,42
3765267,5,48409570,1200041,33,65,8633,42
2559573,2,17794624,625023,27,82,8642,42
4580576,5,4956518,100041,44,65,8643,42
1786700,2,51100705,525026,17,82,8643,42
94101,3,57265639,600041,1,65,8645,42
3846290,3,54235810,1775024,35,82,8649,42
1317456,1,29563591,41,14,65,8660,42
5224950,1,45056996,725020,50,82,8680,42
4472790,1,16316352,1350015,42,82,8686,42
3823780,3,55742311,1824987,20,82,8686,42
9296232,5,47407333,1524996,46,82,8691,42
4880324,4,14004615,1550011,46,65,8696,42
3802422,2,45613126,850025,39,82,8696,42
4563090,5,57333701,275039,45,82,8696,42
3851589,2,1039142,1500041,37,65,8700,42
1652720,1,4361378,1125008,16,82,8704,42
3920508,3,45485253,150039,36,65,8707,42
1302535,1,58855461,1475027,13,82,8713,42
3802422,6,2608419,850025,39,82,8719,42
658158,2,26722851,1975022,6,82,8720,42
941970,7,51508293,825017,10,65,8720,42
104499,1,20083393,725020,1,65,8721,42
1487904,2,38849728,1225005,16,82,8730,42
4333782,6,20516546,325032,41,82,8740,42
799952,7,39565666,1675025,8,82,8750,42
2673748,4,41335175,1850005,28,82,8751,42
4631057,7,4367842,750027,43,65,8751,42
3851737,2,45125221,700041,37,82,8752,42
5043006,1,9078437,950023,47,65,8754,42
296106,1,51083974,250037,3,82,8759,42
1974040,5,9735937,250037,20,82,8770,42
3755430,2,58987715,950023,35,65,8771,42
1239540,4,35696647,1125008,12,65,8776,42
4091736,2,18622596,1225005,44,82,8777,42
1140970,3,21936129,1600041,10,82,8777,42
4797051,1,5365409,650029,49,65,8779,42
4422700,2,49433793,800041,47,82,8781,42
3936082,5,45398304,225035,41,82,8783,42
3501102,2,59466980,1550011,33,82,8786,42
4399218,4,50268195,950023,41,82,8787,42
3459232,2,54237316,550031,32,65,8787,42
3643535,5,29131204,700041,35,82,8797,42
473995,5,36309574,625023,5,82,8797,42
1488242,5,3775335,125038,14,65,8808,42
3580566,1,37679751,350035,33,65,8809,42
520495,3,24971041,1100041,5,65,8810,42
1995860,2,30829188,1875023,20,65,8821,42
107298,5,40401253,950023,1,65,8821,42
3078272,2,24031169,1424999,16,82,8829,42
2634800,4,53533698,800041,28,82,8834,42
4313148,3,17241984,1325002,42,82,8837,42
3454536,2,23432480,75041,34,82,8840,42
402982,2,32789188,1724990,2,65,8844,42
4996896,1,57866912,500041,48,65,8851,42
456400,5,42467267,1000041,4,65,8852,42
1567485,6,45023173,725020,15,65,8855,42
548465,2,26144419,1975022,5,65,8856,42
2053880,5,51186497,1325002,20,82,8857,42
1208946,6,42463587,1724990,6,65,8861,42
2070244,4,53069731,400041,22,82,8861,42
4709165,1,31713569,1475027,47,65,8862,42
2116779,2,39967943,875033,21,65,8863,42
342294,1,51396614,1400041,3,65,8871,42
1032950,3,38174144,1125008,10,65,8879,42
1828872,3,40573089,75041,18,82,8887,42
1399916,1,10795910,1675025,14,65,8895,42
4340778,4,13894784,375038,39,65,8895,42
1579365,2,40496774,1950003,15,65,8909,42
110699,6,27206567,975032,1,65,8914,42
5544481,1,54606593,1824987,29,82,8916,42
2555826,3,7574496,450033,26,65,8916,42
1381939,3,55372162,125038,13,65,8917,42
4328738,3,14540963,200041,46,82,8918,42
1742448,1,36919907,150039,16,65,8918,42
3011328,2,22232615,41,32,82,8921,42
1160340,2,32081925,1250017,12,65,8921,42
2433496,1,19312896,1025011,26,65,8925,42
1860081,4,58768993,650029,19,82,8926,42
4041840,4,18360001,1524996,20,65,8929,42
4206562,4,54633959,975032,38,65,8932,42
4882590,5,10716770,350035,45,82,8933,42
4452844,1,43289600,475037,44,82,8938,42
3080592,6,47270342,1800041,27,82,8941,42
648606,4,53033639,550031,6,65,8969,42
2458608,5,51058080,1150019,23,82,8970,42
2541454,6,47441377,1175030,23,82,8972,42
3011264,5,55696199,400041,32,82,8976,42
1117644,1,54266240,75041,11,82,8977,42
3799678,3,23166759,1325002,37,65,8987,42
1145892,4,3870784,1850005,12,65,8987,42
5324750,2,52677760,1350015,50,65,8989,42
3030000,1,34190053,675035,30,82,9000,42
3625200,4,12655618,425029,38,82,9002,42
1769734,1,56188771,500041,17,65,9004,42
6712685,2,58836869,1624993,35,65,9004,42
3010608,5,18745858,175040,27,82,9005,42
282312,1,3682087,41,3,65,9005,42
2526984,4,35649536,1950003,24,82,9011,42
3122970,4,54281441,1100041,30,82,9011,42
2378222,1,31252839,550031,22,65,9014,42
745465,3,40648741,1350015,7,82,9026,42
2721573,2,17380198,875033,27,82,9032,42
5274912,3,7960962,1775024,48,65,9034,42
520485,4,38259335,1500041,5,82,9035,42
2696232,1,17580006,1450013,28,82,9038,42
385176,3,23687937,1450013,4,65,9039,42
3529800,4,32211393,425029,37,82,9040,42
634152,6,51904673,1750007,6,82,9051,42
3883880,1,20137888,1050021,40,82,9054,42
2688056,1,2075811,225035,28,65,9056,42
634152,3,12332422,1750007,6,82,9060,42
4579200,2,54097408,425029,48,82,9064,42
1882040,3,49545378,400041,20,82,9066,42
1691072,2,9744999,1750007,16,65,9071,42
1693836,2,12241220,400041,18,65,9074,42
4476171,3,14119367,1500041,43,82,9074,42
2112044,2,34687751,225035,22,65,9076,42
1882020,1,48418561,600041,20,82,9087,42
200792,1,31776449,1275029,2,82,9088,42
3980977,2,4457031,1050021,41,82,9089,42
1175856,2,29388867,1150019,11,82,9091,42
6712685,5,9164832,1624993,35,65,9094,42
3018900,2,40069312,900041,29,65,9099,42
1696481,7,46870438,1875023,17,65,9101,42
4335800,1,55261126,1000041,38,82,9103,42
4522136,1,41562342,1375028,41,82,9106,42
2805219,1,13603779,925014,27,65,9107,42
1579365,3,5597027,1950003,15,82,9112,42
1129248,3,19414403,41,12,65,9114,42
3669900,1,18257028,800041,39,65,9115,42
3122910,2,52961315,1500041,30,65,9119,42
1873710,6,40738182,1900041,18,82,9120,42
3149724,4,13481348,75041,31,82,9125,42
222604,3,20303650,375038,2,65,9125,42
106495,1,40573283,1350015,1,65,9127,42
772072,2,48134852,1375028,7,65,9128,42
3221929,4,9306469,575036,29,82,9131,42
381964,4,52877348,1850005,4,65,9133,42
2738376,1,59781415,1200041,24,65,9133,42
4342888,1,20971011,250037,44,65,9135,42
8657640,3,2764194,1424999,45,65,9144,42
2316216,6,7750053,1375028,21,82,9148,42
1042789,7,54218370,625023,11,82,9152,42
4252120,3,23930210,125038,40,82,9155,42
2330328,2,16875045,1050021,24,65,9163,42
2313754,3,21491810,1075031,23,82,9176,42
8462622,1,58694054,1724990,42,65,9182,42
2053746,3,33202433,1600041,18,82,9184,42
1310387,4,5103079,875033,13,65,9186,42
4882590,7,2954816,350035,45,82,9189,42
1205334,3,9230085,1924984,6,65,9189,42
2693488,1,58894885,1424999,14,65,9195,42
1666515,4,49567969,575036,15,82,9201,42
3387600,1,1696262,800041,36,82,9206,42
4580532,1,22638403,300041,44,65,9208,42
5476656,2,4696128,1600041,48,82,9208,42
3331136,4,18552101,1300041,32,82,9209,42
2446678,4,29062051,200041,26,82,9216,42
936864,2,45592096,1700041,9,82,9218,42
393204,3,45829538,450033,4,82,9218,42
4571664,1,25779680,175040,41,65,9231,42
2213156,3,50553857,1075031,22,65,9232,42
315300,1,429155,525026,3,82,9234,42
2610765,7,10314727,1250017,27,65,9245,42
3955152,6,41543266,1150019,37,82,9247,42
845616,4,32368832,325032,8,65,9257,42
2801516,3,48654629,25041,29,82,9257,42
4328784,3,42232935,41,46,65,9264,42
5205000,3,47458308,900041,50,65,9265,42
2503644,5,9994627,1450013,26,82,9268,42
742658,1,21904033,1550011,7,78,9271,42
748272,2,51319200,1150019,7,82,9277,42
2493283,5,3323970,1624993,13,65,9280,42
2352550,2,21835746,400041,25,65,9281,42
3784268,2,39112679,375038,34,78,9281,42
1205334,6,10576579,1924984,6,78,9294,42
4138314,2,19052613,150039,38,78,9295,42
3149724,5,22088934,75041,31,78,9303,42
3923322,2,16455073,1075031,39,78,9304,42
4516992,4,42328231,41,48,78,9309,42
4835784,2,46560390,1724990,24,78,9314,42
936882,4,19143843,1300041,9,78,9319,42
4102200,2,271975,425029,43,78,9322,42
2077940,3,49805474,925014,20,78,9330,42
4996704,5,11564866,1300041,48,78,9338,42
1535702,4,21626566,1975022,14,78,9345,42
1117644,1,25644001,75041,11,78,9354,42
1758304,4,51476292,1775024,16,78,9355,42
634152,5,46492135,1750007,6,78,9364,42
4211640,5,33683781,1950003,40,78,9367,42
1597372,4,35512194,1400041,14,78,9371,42
743952,3,2537122,1225005,8,78,9373,42
4144668,1,38640806,825017,44,78,9374,42
7503288,7,37121824,1424999,39,78,9375,42
2312200,3,46293536,525026,22,78,9377,42
1599734,2,48859712,400041,17,78,9380,42
4899706,2,58057123,1675025,49,78,9382,42
110095,4,3815143,1575026,1,78,9394,42
4476343,5,32225062,700041,43,78,9401,42
195798,4,7991749,650029,2,78,9403,42
2837700,7,11713217,525026,27,78,9404,42
1208834,6,40356131,1775024,11,78,9404,42
2129442,5,8270466,275039,21,78,9405,42
4221589,6,17291043,1600041,37,78,9406,42
1115040,1,54285125,175040,10,78,9407,42
5164750,2,3883654,1125008,50,78,9415,42
1611583,3,37751109,625023,17,78,9420,42
2604048,1,41740164,350035,24,78,9425,42
5545000,1,50786500,775034,50,78,9428,42
2449122,2,31120514,825017,26,78,9439,42
4525818,4,3483680,1450013,47,78,9443,42
4252120,5,597186,125038,40,78,9451,42
2178060,3,21821479,150039,20,78,9456,42
4704098,1,40313348,225035,49,78,9458,42
4221838,1,58055168,575036,38,78,9461,42
5055124,2,17390533,1775024,46,78,9466,42
735700,2,3197537,525026,7,78,9484,42
376412,1,54124743,200041,4,78,9488,42
3830362,4,57183781,875033,38,78,9503,42
3763766,7,28444004,975032,34,78,9511,42
3791960,1,45703526,625023,40,78,9514,42
3805272,2,22488993,325032,36,78,9522,42
4470576,1,10853606,75041,44,78,9536,42
4014144,1,34154240,175040,36,78,9536,42
2077940,2,34941859,925014,20,78,9537,42
2055879,3,8035202,650029,21,78,9537,42
4967524,6,23745475,1750007,47,78,9547,42
4029411,6,46408870,150039,37,78,9550,42
376404,1,11438819,600041,4,78,9554,42
2853954,5,57991555,325032,27,78,9557,42
2737566,2,12716961,1950003,26,78,9560,42
1875338,5,22799431,250037,19,78,9569,42
3575838,3,55747845,600041,38,78,9570,42
2430916,1,44834723,1750007,23,78,9576,42
4244186,2,55476390,250037,43,78,9581,42
402982,2,21467045,1724990,2,78,9596,42
1745798,4,19885920,1325002,17,78,9598,42
7888072,3,49816992,1424999,41,78,9608,42
767136,5,37478754,1650009,8,78,9609,42
2634856,4,30270720,400041,28,78,9613,42
2810619,2,56866595,1500041,27,78,9613,42
3227100,3,23402531,900041,31,78,9614,42
1224561,1,1320743,825017,13,78,9616,42
4816749,3,35988007,450033,49,78,9617,42
3643535,4,43549632,700041,35,78,9618,42
4794600,6,32213891,1650009,50,78,9621,42
3440778,3,39180899,1225005,37,78,9626,42
1297212,2,11810567,550031,12,78,9627,42
2914744,2,26711524,1300041,28,78,9629,42
3848256,3,50330917,1150019,36,78,9630,42
1909820,5,59903717,1850005,20,78,9635,42
1457386,5,36588036,1100041,14,78,9637,42
3538836,1,45990693,450033,36,78,9640,42
4046343,4,49988033,600041,43,78,9640,42
4014144,3,11583044,175040,36,78,9647,42
1837717,3,38022596,550031,17,78,9653,42
108502,2,52164390,350035,1,78,9658,42
3011328,1,6932769,41,32,78,9658,42
1711500,2,7178819,1000041,15,78,9661,42
3019016,1,10700289,100041,29,78,9664,42
3767556,5,36291653,25041,39,78,9664,42
1540704,4,3809766,1450013,16,78,9665,42
4432802,2,53667042,1724990,22,78,9665,42
4234500,1,46570400,800041,45,78,9666,42
1783872,2,26222594,50041,18,78,9668,42
550475,5,7270822,1575026,5,78,9675,42
430796,4,20300965,750027,4,78,9680,42
2821052,4,28240871,350035,26,78,9683,42
5208847,2,42805670,125038,49,78,9697,42
3382464,2,59677891,325032,32,78,9698,42
2823090,1,54742853,200041,30,78,9700,42
1579232,4,35317893,250037,16,78,9701,42
2914856,5,32876355,500041,28,78,9710,42
5304700,3,13423879,1550011,50,78,9718,42
708407,5,19125510,475037,7,78,9720,42
1255100,1,59388608,1000041,11,78,9729,42
2805460,1,58159139,1475027,28,78,9734,42
1844534,1,47397472,350035,17,78,9736,42
2789820,1,5532261,1225005,30,78,9736,42
3481737,5,59244804,600041,37,78,9736,42
3952200,2,12236966,800041,42,78,9745,42
520495,2,15489573,1100041,5,78,9745,42
103897,2,11197793,925014,1,78,9746,42
342291,3,32281028,1600041,3,78,9754,42
1268424,1,53486373,325032,12,78,9756,42
1129212,2,24595488,600041,12,78,9757,42
4751570,6,16543493,1125008,46,78,9760,42
4426312,4,7068290,1075031,44,78,9761,42
4582406,2,30447970,850025,47,78,9763,42
4013859,4,27030407,650029,41,78,9766,42
5111760,4,14427043,1350015,48,78,9768,42
4066078,6,41526661,1775024,37,78,9770,42
3818061,1,2658656,650029,39,78,9774,42
220592,1,17035392,1375028,2,78,9775,42
2324850,2,14705283,1225005,25,78,9777,42
3435366,6,42054560,500041,33,78,9778,42
3011296,1,51700291,200041,32,78,9780,42
3783600,1,30941378,525026,36,78,9784,42
4216632,4,31755844,1275029,42,78,9785,42
4041840,1,7475653,1524996,20,78,9790,42
4206562,4,20693574,975032,38,78,9796,42
3539298,2,18926625,1500041,34,78,9798,42
1305148,6,2409250,1275029,13,78,9798,42
3182820,1,20340067,1550011,30,78,9800,42
3902640,3,34047841,175040,35,78,9801,42
2621619,5,21651782,1050021,27,78,9805,42
4221663,1,44955717,1200041,37,78,9805,42
3105333,6,55839654,600041,33,78,9806,42
1353300,1,56726374,900041,13,78,9812,42
2676646,3,56819205,1824987,14,78,9812,42
2272490,3,55012165,1125008,22,78,9813,42
4483800,3,34574950,425029,47,78,9814,42
4059900,7,25250657,900041,39,78,9815,42
2011960,4,36884679,1075031,20,78,9816,42
1483274,1,32901345,1400041,13,78,9824,42
731493,5,14890500,725020,7,78,9825,42
4573926,7,55530148,150039,42,78,9830,42
4360286,1,24562982,275039,43,78,9832,42
1976121,4,26940679,600041,21,78,9843,42
4301544,4,41345569,1375028,39,78,9843,42
2804155,3,3240295,1250017,29,78,9844,42
1457428,6,9147686,500041,14,78,9849,42
100195,1,38126627,1475027,1,78,9862,42
6712685,2,23733952,1624993,35,78,9866,42
3128367,2,37428325,625023,33,78,9874,42
960020,2,24556999,225035,10,78,9878,42
3230667,4,48522176,650029,33,78,9878,42
4861912,3,5678850,1175030,44,78,9882,42
2394254,1,39809703,1300041,23,78,9885,42
187192,2,56568131,1025011,2,78,9890,42
1699898,1,11323809,1675025,17,78,9892,42
1239540,1,32536932,1125008,12,78,9899,42
2981860,2,52184642,1350015,28,78,9902,42
2747992,3,46627076,1750007,26,78,9906,42
4870756,7,25828803,975032,44,78,9908,42
3052800,2,35162241,425029,32,78,9908,42
1665568,5,48142274,1300041,16,78,9911,42
4788554,3,25351526,1100041,46,78,9913,42
3194800,1,38867333,1000041,28,78,9916,42
4030341,1,34163585,450033,41,78,9922,42
4432802,1,21864644,1724990,22,78,9924,42
4991092,2,45638053,350035,46,78,9924,42
1004445,4,41988358,1924984,5,78,9928,42
2091805,1,31893186,1575026,19,78,9929,42
1885300,1,40528647,775034,17,78,9929,42
3356220,6,53981920,1650009,35,78,9930,42
3714652,1,13699680,1275029,37,78,9931,42
1149489,1,12412228,725020,11,78,9936,42
2417892,1,49837540,1724990,12,78,9936,42
1483287,6,39788608,1200041,13,78,9939,42
4332939,2,49541282,575036,39,78,9940,42
1591132,1,2396934,1025011,17,78,9942,42
4211640,2,17558144,1950003,40,78,9946,42
2676096,1,29563815,175040,24,78,9947,42
1507786,1,53929026,750027,14,78,9950,42
3792134,2,24834050,1875023,38,78,9951,42
1353261,5,49866693,1500041,13,78,9954,42
4107760,4,12874370,1325002,40,78,9959,42
3823780,5,17811361,1824987,20,78,9964,42
705593,7,56978914,875033,7,78,9965,42
2336892,1,50371876,75041,23,78,9966,42
3273996,4,43037056,1450013,34,78,9968,42
2777525,4,23178912,575036,25,78,9974,42
2223985,3,23079201,1250017,23,78,9977,42
1064950,1,43994496,1350015,10,78,9978,42
1408372,6,59737568,1075031,14,78,9987,42
2559573,3,54203974,625023,27,78,9990,42
1561470,4,11079424,1300041,15,78,9998,42
2685074,2,35043649,1624993,14,78,9999,42
5424003,1,18877574,1924984,27,78,10002,42
3158730,4,7912417,1950003,30,78,10005,42
2144956,4,27706019,850025,22,78,10007,42
4390892,3,44498688,1875023,44,78,10013,42
3858141,4,29282177,600041,41,78,10014,42
561576,1,4421798,1025011,6,78,10017,42
1249176,1,50441792,1300041,12,78,10018,42
214596,3,9488450,950023,2,78,10019,42
2652350,7,41173794,1550011,25,78,10023,42
1457456,3,21886596,100041,14,78,10027,42
101201,3,22496417,475037,1,78,10027,42
4765894,4,8675810,275039,47,78,10033,42
5476704,2,18246369,1400041,48,78,10038,42
737037,4,31477921,1950003,7,78,10039,42
3267090,1,33434182,150039,30,78,10046,42
4527513,4,16369185,1950003,43,78,10047,42
4267977,2,3036838,1500041,41,78,10051,42
1240200,4,42925697,425029,13,78,10053,42
2395866,1,2439110,150039,22,78,10055,42
4790064,6,34591394,1875023,48,78,10055,42
667812,4,6091328,375038,6,78,10055,42
1457414,4,20296257,700041,14,78,10059,42
3539264,2,57744001,1700041,34,78,10081,42
3264068,3,6562023,225035,34,78,10082,42
2961711,2,2457987,1975022,27,78,10100,42
220996,4,28449476,1175030,2,78,10102,42
727279,5,48756515,925014,7,78,10102,42
3744437,2,56319970,475037,37,78,10117,42
1068960,1,55207746,1150019,10,78,10120,42
2221892,4,43014688,25041,23,78,10127,42
5434100,3,26546564,775034,49,78,10135,42
4268141,1,2297729,700041,41,78,10139,42
1150746,3,24867335,1624993,6,78,10139,42
1162722,1,22369350,325032,11,78,10147,42
5020224,3,13944966,1800041,44,78,10150,42
2258424,5,7674466,600041,24,78,10157,42
2566252,2,38138949,250037,26,78,10162,42
208192,2,41001248,1700041,2,78,10163,42
2327623,5,46722976,475037,23,78,10167,42
4645151,2,8817729,625023,49,78,10167,42
4828410,6,33349798,950023,45,78,10174,42
1923920,4,37030626,1424999,10,78,10174,42
846909,6,12581827,600041,9,78,10176,42
587394,3,33408676,650029,6,78,10181,42
2316216,1,56566948,1375028,21,78,10182,42
2312200,4,12785504,525026,22,78,10187,42
1449060,2,57511622,25041,15,78,10187,42
1041030,3,34332451,300041,10,78,10188,42
698551,2,51880704,1875023,7,78,10188,42
3877164,3,54031303,750027,36,78,10191,42
9067095,3,12473350,1724990,45,78,10193,42
4192414,1,50732418,850025,43,78,10193,42
4059939,1,26448866,700041,39,78,10201,42
3792134,1,1947974,1875023,38,78,10205,42
4334357,3,50895877,875033,43,78,10207,42
3387636,2,17168389,600041,36,78,10209,42
4199748,1,29332165,1675025,42,78,10211,42
2440162,3,3998020,1550011,23,78,10214,42
2435378,5,29301670,975032,22,78,10215,42
1835476,4,34858023,25041,19,78,10220,42
910809,3,12401344,475037,9,78,10225,42
5070100,3,17154465,275039,50,78,10225,42
1977938,2,3950628,500041,19,78,10229,42
1527856,3,58271841,1850005,16,78,10234,42
4999700,2,38283170,1675025,50,78,10236,42
4164040,1,51701664,700041,40,78,10244,42
323097,1,31738976,750027,3,78,10246,42
2152708,2,58561443,1025011,23,78,10248,42
3672966,5,45146752,375038,33,78,10251,42
1050401,3,47778240,1850005,11,78,10255,42
3510176,1,5469120,1975022,32,78,10267,42
5227344,5,48225730,150039,48,78,10269,42
3055712,6,48611072,1850005,32,78,10271,42
470520,3,792774,41,5,78,10272,42
4675365,1,28478083,925014,45,78,10277,42
2821473,1,57339395,725020,27,78,10281,42
638970,3,59826023,1350015,6,78,10281,42
5414402,5,35853286,1175030,49,78,10287,42
3183514,1,28786275,1325002,31,78,10293,42
4848000,2,109888,675035,48,78,10296,42
1527856,6,24339077,1850005,16,78,10296,42
1801181,1,36423552,625023,19,78,10318,42
912618,3,33723872,275039,9,78,10320,42
2749171,3,26090305,625023,29,78,10321,42
4216632,4,41735845,1275029,42,78,10326,42
331494,2,20563334,1175030,3,78,10331,42
4684545,4,37138784,700041,45,78,10339,42
3622263,3,2561286,650029,37,78,10341,42
4828704,5,43972834,1075031,48,78,10347,42
4197600,1,15873090,425029,44,78,10352,42
1561485,3,3871299,1100041,15,78,10355,42
2295239,6,55400643,1875023,23,78,10362,42
3088355,2,56281824,1350015,29,78,10362,42
3276762,1,30640487,325032,31,78,10366,42
4061190,7,10572102,1250017,42,78,10372,42
208208,6,48257636,100041,2,78,10374,42
2298978,1,54222691,725020,22,78,10379,42
4449900,3,20248576,1000041,39,78,10388,42
3747636,3,9109574,700041,36,78,10390,42
106303,3,6843907,125038,1,78,10391,42
1049400,1,48449184,425029,11,78,10403,42
1090144,2,52895937,50041,11,78,10404,42
1939649,4,6037603,1600041,17,78,10407,42
768016,3,19705761,225035,8,78,10409,42
1431235,1,49739303,1575026,13,78,10418,42
3189090,1,36082887,125038,30,78,10420,42
2137920,2,736257,1150019,20,78,10423,42
4252120,5,56497411,125038,40,78,10427,42
2389631,2,13870244,925014,23,78,10429,42
4544756,4,20181444,1750007,43,78,10435,42
1026900,1,42592672,1000041,9,78,10438,42
1359358,1,18144869,1050021,14,78,10441,42
3194744,2,55818307,1400041,28,78,10458,42
106896,6,40043110,1150019,1,78,10459,42
847773,1,35337955,825017,9,78,10460,42
3384325,4,6600068,1250017,35,78,10466,42
2498496,1,23335077,100041,24,78,10471,42
1926638,1,38762407,275039,19,78,10475,42
1099934,1,39539941,1675025,11,78,10494,42
608412,7,34813797,275039,6,78,10497,42
6629337,3,43537539,1924984,33,78,10498,42
1859310,5,9520354,1125008,18,78,10501,42
3907605,3,35069056,1475027,39,78,10524,42
4057368,1,11110564,25041,42,82,8187,42
1485316,5,38925989,1550011,14,65,8215,42
2477600,4,21514498,50041,25,65,8480,42
1623347,1,56416996,1850005,17,65,8974,42
105100,2,31673735,525026,1,78,9748,42
