9001,24934
9002,24887
9003,25073
9004,24667
9005,24750
9006,24803
9007,25049
9008,25252
9009,24893
9010,25031
9011,25191
9012,24884
9013,24936
9014,24889
9015,25013
9016,25158
9017,24989
9018,24886
9019,25228
9020,24724
9021,25185
9022,25020
9023,24728
9024,25267
9025,25091
9026,25008
9027,25006
9028,25123
9029,25006
9030,24669
9031,24910
9032,25213
9033,25009
9034,25085
9035,25246
9036,24790
9037,24909
9038,24979
9039,24883
9040,24771
9041,24943
9042,24660
9043,24943
9044,24906
9045,25093
9046,24938
9047,25029
9048,25276
9049,24732
9050,24689
9051,24829
9052,24956
9053,25093
9054,25042
9055,24708
9056,24955
9057,24733
9058,24648
9059,24646
9060,24818
9061,24716
9062,24863
9063,24742
9064,24762
9065,24858
9066,25098
9067,25129
9068,24839
9069,24693
9070,24905
9071,24982
9072,24767
9073,25174
9074,24970
9075,24558
9076,24954
9077,24970
9078,25012
9079,24853
9080,24840
9081,25069
9082,24835
9083,24911
9084,24755
9085,25065
9086,24843
9087,24956
9088,24825
9089,24771
9090,24735
9091,25110
9092,24724
9093,24863
9094,24755
9095,24910
9096,24882
9097,24913
9098,24878
9099,24804
9100,24981
9101,24843
9102,24987
9103,25081
9104,24753
9105,25035
9106,24928
9107,25116
9108,24899
9109,24984
9110,25183
9111,24708
9112,24943
9113,24919
9114,24943
9115,25032
9116,25010
9117,25109
9118,25362
9119,24774
9120,25122
9121,25171
9122,25001
9123,24832
9124,24822
9125,24742
9126,24973
9127,24786
9128,24882
9129,24668
9130,24893
9131,24903
9132,24887
9133,25037
9134,25183
9135,25109
9136,24798
9137,25069
9138,25056
9139,25099
9140,25017
9141,25052
9142,24891
9143,25270
9144,25176
9145,25026
9146,25193
9147,24916
9148,24968
9149,24769
9150,24738
9151,24812
9152,25180
9153,24641
9154,24778
9155,25202
9156,25052
9157,24727
9158,25228
9159,25030
9160,24953
9161,25272
9162,24951
9163,24953
9164,24891
9165,25077
9166,24914
9167,24908
9168,25119
9169,24560
9170,24770
9171,24952
9172,24720
9173,24929
9174,24883
9175,25070
9176,24731
9177,24965
9178,25015
9179,24579
9180,24937
9181,24942
9182,25010
9183,25086
9184,24826
9185,24985
9186,25037
9187,24944
9188,24947
9189,24861
9190,24869
9191,25046
9192,24969
9193,25180
9194,25056
9195,24910
9196,24883
9197,24877
9198,24979
9199,25109
9200,24989
9201,25094
9202,24837
9203,24895
9204,25199
9205,24965
9206,25117
9207,25324
9208,24956
9209,25093
9210,24759
9211,25070
9212,24762
9213,24755
9214,25078
9215,24887
9216,25189
9217,25177
9218,24936
9219,24964
9220,24797
9221,25107
9222,24853
9223,24918
9224,25273
9225,24940
9226,25277
9227,25110
9228,25098
9229,25264
9230,25231
9231,25129
9232,25031
9233,25075
9234,24958
9235,25169
9236,25281
9237,24863
9238,24830
9239,25140
9240,25052
9241,24910
9242,24685
9243,24873
9244,24993
9245,24809
9246,24901
9247,25171
9248,25110
9249,24694
9250,24893
9251,25112
9252,25050
9253,24946
9254,24778
9255,24984
9256,24850
9257,25114
9258,24748
9259,25010
9260,24813
9261,24725
9262,24907
9263,25073
9264,24722
9265,24876
9266,25184
9267,24866
9268,25036
9269,24962
9270,24702
9271,24921
9272,24545
9273,24720
9274,24553
9275,25133
9276,25042
9277,24924
9278,25320
9279,25124
9280,25177
9281,24928
9282,24765
9283,25104
9284,24869
9285,25038
9286,24902
9287,24919
9288,24911
9289,24722
9290,24896
9291,24790
9292,24756
9293,24923
9294,25002
9295,24772
9296,24973
9297,24910
9298,24892
9299,24983
9300,24976
9301,25019
9302,24857
9303,24900
9304,24990
9305,24934
9306,25064
9307,25024
9308,24992
9309,24982
9310,24697
9311,25166
9312,24782
9313,24965
9314,24877
9315,24687
9316,24777
9317,25128
9318,25177
9319,24663
9320,24929
9321,24798
9322,25088
9323,25268
9324,24914
9325,24954
9326,25013
9327,24835
9328,25115
9329,24730
9330,24981
9331,25134
9332,25079
9333,24802
9334,24607
9335,25124
9336,24867
9337,25142
9338,25073
9339,24834
9340,24855
9341,25068
9342,24774
9343,24845
9344,24687
9345,25021
9346,25063
9347,24897
9348,24942
9349,24947
9350,24860
9351,24944
9352,25021
9353,25111
9354,25073
9355,24824
9356,24987
9357,24806
9358,25115
9359,24729
9360,24954
9361,25161
9362,24621
9363,24956
9364,25079
9365,25184
9366,25122
9367,25020
9368,24816
9369,24880
9370,24831
9371,24860
9372,24927
9373,24861
9374,25215
9375,24772
9376,25212
9377,25222
9378,24865
9379,24859
9380,24877
9381,25044
9382,24949
9383,24943
9384,24894
9385,24962
9386,25069
9387,24886
9388,24974
9389,25030
9390,24620
9391,25223
9392,24945
9393,25020
9394,25059
9395,25035
9396,25053
9397,25095
9398,25097
9399,24917
9400,24610
9401,24997
9402,24923
9403,24856
9404,24836
9405,25016
9406,24953
9407,25096
9408,24921
9409,24956
9410,24976
9411,24977
9412,24962
9413,25007
9414,25032
9415,24794
9416,24923
9417,25049
9418,25074
9419,24988
9420,24909
9421,25033
9422,25100
9423,25056
9424,25030
9425,25022
9426,24708
9427,24989
9428,24617
9429,24962
9430,24959
9431,24727
9432,24867
9433,24945
9434,25054
9435,24574
9436,24937
9437,24921
9438,24692
9439,24966
9440,24895
9441,24893
9442,24732
9443,25099
9444,24875
9445,24965
9446,24876
9447,24849
9448,24970
9449,24978
9450,25014
9451,24803
9452,24763
9453,25156
9454,24909
9455,25033
9456,25015
9457,25016
9458,25002
9459,24882
9460,24974
9461,25131
9462,24602
9463,25082
9464,25191
9465,24744
9466,24996
9467,24927
9468,25176
9469,24928
9470,25111
9471,24987
9472,24737
9473,25270
9474,24872
9475,24856
9476,24968
9477,24748
9478,24676
9479,24753
9480,24754
9481,24732
9482,24445
9483,25183
9484,25025
9485,24875
9486,24946
9487,24620
9488,24789
9489,24805
9490,24965
9491,25101
9492,24920
9493,24795
9494,24887
9495,24780
9496,24734
9497,24732
9498,25134
9499,24896
9500,24951
9501,24784
9502,24961
9503,24828
9504,25059
9505,24655
9506,24713
9507,25037
9508,25206
9509,24920
9510,24825
9511,24707
9512,25090
9513,24974
9514,24661
9515,25087
9516,25145
9517,24857
9518,25010
9519,24970
9520,25001
9521,24692
9522,24994
9523,24920
9524,24739
9525,24771
9526,24822
9527,24806
9528,24943
9529,24864
9530,24739
9531,25328
9532,25130
9533,25088
9534,24925
9535,24898
9536,24955
9537,24883
9538,24553
9539,24960
9540,24863
9541,24803
9542,24803
9543,25054
9544,24959
9545,24858
9546,24866
9547,24954
9548,25071
9549,24592
9550,24769
9551,24617
9552,24887
9553,25076
9554,24797
9555,24832
9556,24957
9557,24968
9558,24933
9559,24663
9560,24947
9561,24831
9562,25130
9563,24776
9564,24700
9565,25117
9566,25037
9567,25243
9568,25141
9569,24854
9570,25026
9571,24743
9572,24932
9573,24780
9574,24704
9575,25389
9576,24847
9577,24897
9578,24728
9579,24672
9580,24818
9581,24679
9582,25053
9583,24843
9584,24733
9585,25120
9586,24705
9587,25125
9588,24897
9589,25037
9590,25221
9591,24890
9592,24875
9593,25142
9594,24845
9595,24808
9596,24794
9597,25199
9598,24630
9599,25161
9600,25038
9601,24784
9602,25085
9603,24910
9604,24995
9605,24782
9606,25077
9607,24864
9608,24601
9609,24816
9610,24600
9611,24795
9612,24840
9613,24926
9614,25030
9615,24799
9616,24871
9617,25070
9618,24834
9619,25053
9620,25009
9621,24901
9622,25044
9623,24802
9624,24858
9625,24959
9626,24846
9627,25129
9628,24883
9629,25050
9630,24859
9631,24881
9632,25136
9633,25008
9634,25033
9635,24764
9636,24746
9637,25069
9638,24998
9639,24907
9640,24799
9641,24791
9642,24937
9643,24993
9644,24920
9645,24659
9646,24980
9647,24849
9648,24832
9649,24692
9650,25279
9651,25005
9652,24975
9653,25032
9654,25098
9655,25227
9656,24903
9657,24986
9658,24883
9659,24690
9660,24822
9661,25111
9662,24868
9663,24652
9664,25212
9665,24888
9666,25262
9667,24881
9668,25206
9669,25054
9670,24850
9671,24896
9672,24724
9673,25291
9674,24568
9675,25090
9676,24823
9677,25010
9678,24639
9679,24649
9680,24623
9681,25127
9682,24589
9683,24992
9684,24904
9685,25117
9686,25280
9687,24675
9688,24714
9689,24666
9690,25035
9691,25043
9692,25007
9693,24751
9694,24842
9695,25079
9696,24891
9697,25058
9698,24867
9699,25039
9700,25201
9701,24966
9702,24836
9703,24827
9704,24905
9705,24961
9706,24795
9707,24838
9708,24907
9709,24736
9710,24807
9711,25106
9712,24919
9713,24795
9714,24780
9715,24894
9716,24854
9717,24852
9718,24855
9719,25087
9720,24778
9721,25043
9722,24847
9723,24756
9724,24912
9725,24867
9726,24805
9727,25136
9728,24960
9729,25042
9730,25054
9731,25116
9732,24893
9733,24720
9734,24769
9735,25309
9736,24665
9737,24979
9738,25104
9739,24998
9740,25217
9741,25009
9742,25049
9743,25044
9744,25150
9745,25033
9746,24973
9747,25077
9748,24862
9749,24793
9750,25028
9751,25213
9752,25185
9753,24812
9754,24883
9755,25160
9756,24824
9757,25054
9758,25255
9759,24805
9760,24910
9761,24725
9762,24883
9763,24795
9764,24928
9765,24912
9766,24879
9767,24915
9768,25101
9769,25130
9770,25148
9771,25090
9772,25055
9773,24962
9774,25144
9775,24854
9776,25127
9777,24910
9778,25000
9779,25228
9780,24983
9781,24896
9782,25059
9783,24525
9784,24725
9785,24926
9786,24998
9787,24820
9788,24832
9789,24821
9790,24752
9791,24966
9792,24581
9793,25022
9794,24977
9795,25020
9796,24747
9797,25046
9798,24784
9799,25217
9800,24901
9801,24880
9802,24827
9803,25071
9804,24888
9805,24869
9806,25189
9807,25120
9808,24957
9809,24943
9810,25038
9811,24920
9812,25166
9813,25232
9814,24638
9815,24710
9816,24928
9817,24929
9818,24893
9819,25008
9820,24875
9821,24771
9822,25229
9823,25119
9824,24894
9825,24835
9826,25197
9827,24994
9828,24953
9829,25271
9830,24832
9831,25187
9832,25035
9833,25002
9834,25023
9835,25141
9836,25072
9837,25063
9838,24905
9839,25089
9840,25033
9841,24845
9842,24971
9843,24829
9844,24771
9845,24949
9846,24902
9847,24691
9848,25019
9849,24843
9850,24965
9851,24885
9852,24708
9853,24881
9854,24936
9855,24902
9856,24839
9857,24922
9858,24706
9859,24972
9860,25034
9861,24683
9862,24706
9863,25231
9864,24932
9865,25064
9866,25223
9867,25046
9868,24658
9869,25007
9870,24994
9871,24957
9872,24732
9873,24865
9874,24817
9875,24869
9876,24756
9877,25123
9878,24937
9879,24910
9880,24672
9881,24715
9882,24908
9883,24845
9884,25064
9885,24933
9886,24898
9887,25040
9888,25276
9889,24673
9890,24938
9891,24760
9892,25024
9893,24800
9894,24866
9895,25046
9896,24893
9897,24900
9898,25081
9899,24715
9900,25242
9901,24824
9902,25022
9903,24826
9904,25048
9905,24835
9906,25043
9907,24902
9908,24932
9909,24908
9910,25021
9911,25084
9912,24741
9913,25115
9914,25039
9915,25055
9916,24917
9917,25094
9918,25007
9919,25288
9920,24630
9921,24815
9922,24872
9923,24983
9924,24994
9925,24941
9926,24673
9927,25219
9928,24809
9929,25077
9930,24757
9931,25050
9932,24880
9933,24967
9934,24885
9935,25069
9936,24926
9937,24971
9938,25156
9939,24587
9940,25056
9941,24965
9942,24909
9943,25191
9944,24939
9945,25171
9946,24985
9947,24725
9948,24811
9949,25041
9950,25079
9951,25126
9952,25035
9953,25081
9954,25160
9955,24798
9956,24933
9957,24999
9958,24987
9959,24888
9960,25187
9961,25249
9962,24870
9963,24939
9964,25156
9965,25008
9966,24827
9967,24780
9968,24733
9969,25455
9970,24947
9971,24967
9972,25056
9973,24913
9974,24974
9975,25036
9976,25093
9977,25140
9978,25087
9979,24787
9980,24767
9981,25122
9982,25019
9983,25081
9984,24901
9985,24973
9986,25151
9987,25311
9988,25029
9989,24624
9990,24944
9991,25253
9992,25257
9993,24941
9994,24960
9995,24978
9996,24920
9997,25060
9998,24928
9999,24988
10000,24772
10001,24742
10002,24967
10003,25241
10004,24981
10005,24633
10006,24839
10007,24892
10008,24679
10009,24956
10010,24833
10011,25165
10012,24753
10013,25144
10014,24880
10015,25087
10016,25034
10017,24982
10018,25072
10019,24684
10020,24763
10021,24747
10022,24815
10023,24926
10024,25124
10025,25051
10026,24873
10027,24917
10028,25040
10029,25115
10030,24970
10031,25079
10032,24908
10033,24951
10034,24768
10035,24963
10036,25160
10037,24852
10038,24695
10039,24780
10040,24669
10041,25146
10042,24966
10043,24723
10044,25157
10045,25161
10046,25156
10047,24854
10048,24822
10049,24926
10050,25023
10051,24890
10052,24690
10053,24990
10054,24913
10055,24755
10056,24904
10057,25014
10058,25053
10059,25047
10060,25033
10061,24943
10062,25091
10063,24996
10064,24952
10065,24912
10066,25276
10067,25030
10068,24916
10069,24791
10070,24943
10071,24759
10072,25119
10073,24911
10074,25042
10075,24786
10076,24961
10077,24943
10078,24546
10079,25210
10080,24925
10081,24970
10082,24918
10083,24814
10084,24807
10085,25019
10086,25139
10087,24582
10088,24917
10089,25088
10090,24955
10091,24808
10092,24984
10093,24828
10094,24571
10095,24654
10096,24498
10097,25100
10098,24875
10099,25205
10100,24816
10101,25129
10102,24712
10103,24800
10104,25129
10105,24952
10106,25061
10107,24991
10108,24844
10109,24965
10110,25118
10111,25011
10112,24772
10113,24940
10114,25158
10115,24871
10116,24920
10117,25363
10118,24766
10119,24849
10120,24934
10121,24847
10122,25102
10123,25123
10124,25069
10125,24694
10126,25185
10127,25051
10128,24832
10129,24993
10130,24993
10131,24852
10132,24920
10133,24494
10134,24793
10135,24743
10136,24730
10137,24755
10138,24947
10139,25037
10140,25282
10141,24913
10142,25299
10143,24730
10144,24820
10145,24839
10146,24998
10147,24872
10148,24918
10149,24966
10150,24835
10151,25050
10152,24999
10153,24787
10154,24992
10155,24928
10156,24981
10157,25057
10158,24774
10159,24949
10160,24692
10161,24868
10162,25237
10163,24812
10164,24827
10165,25119
10166,24973
10167,24927
10168,24882
10169,24952
10170,24996
10171,24884
10172,24812
10173,24917
10174,24637
10175,24826
10176,24846
10177,24909
10178,24684
10179,24805
10180,24927
10181,25065
10182,24964
10183,24888
10184,24761
10185,24932
10186,24880
10187,24829
10188,24774
10189,24887
10190,25017
10191,24951
10192,24930
10193,25111
10194,24975
10195,24759
10196,24840
10197,24750
10198,25067
10199,24608
10200,24950
10201,25069
10202,25094
10203,24808
10204,24545
10205,24933
10206,24971
10207,24911
10208,24913
10209,25004
10210,24929
10211,24901
10212,25205
10213,24696
10214,24757
10215,25063
10216,24940
10217,25119
10218,24828
10219,24961
10220,24914
10221,24941
10222,24942
10223,24817
10224,24901
10225,24869
10226,24538
10227,24586
10228,25064
10229,24956
10230,24871
10231,24963
10232,24852
10233,24887
10234,24747
10235,24677
10236,25242
10237,24600
10238,24921
10239,24696
10240,25116
10241,24815
10242,24628
10243,25086
10244,24648
10245,25009
10246,25282
10247,25001
10248,24945
10249,25111
10250,24883
10251,24869
10252,24833
10253,24977
10254,25024
10255,24821
10256,24964
10257,24988
10258,24825
10259,25018
10260,24723
10261,25006
10262,25120
10263,24581
10264,24873
10265,25183
10266,24885
10267,24767
10268,25225
10269,24877
10270,24870
10271,24856
10272,24919
10273,24933
10274,24822
10275,24847
10276,24737
10277,24776
10278,24733
10279,25034
10280,25010
10281,24905
10282,24759
10283,25153
10284,24694
10285,24937
10286,24860
10287,24800
10288,24806
10289,24947
10290,24665
10291,25208
10292,24841
10293,24901
10294,24865
10295,25037
10296,24602
10297,24847
10298,24756
10299,24784
10300,24924
10301,24889
10302,24974
10303,24972
10304,24878
10305,25084
10306,24927
10307,24910
10308,25139
10309,25080
10310,24810
10311,24589
10312,25090
10313,25131
10314,24787
10315,25121
10316,24840
10317,24658
10318,24796
10319,24831
10320,24865
10321,24891
10322,24782
10323,24874
10324,24746
10325,24916
10326,25011
10327,25062
10328,24797
10329,25039
10330,24801
10331,25091
10332,24615
10333,24929
10334,24719
10335,25065
10336,25035
10337,24892
10338,25206
10339,25070
10340,24971
10341,24738
10342,24884
10343,25204
10344,24864
10345,24841
10346,25115
10347,25004
10348,24796
10349,24734
10350,25011
10351,24684
10352,24674
10353,25249
10354,24766
10355,25087
10356,24816
10357,24690
10358,24988
10359,25232
10360,24678
10361,25097
10362,24740
10363,24799
10364,24925
10365,24755
10366,25413
10367,24723
10368,24806
10369,25237
10370,24976
10371,24832
10372,24674
10373,24684
10374,24577
10375,24973
10376,24677
10377,24547
10378,24801
10379,25085
10380,24795
10381,24920
10382,25113
10383,25043
10384,24851
10385,25000
10386,25076
10387,24880
10388,24996
10389,24998
10390,24714
10391,24980
10392,25107
10393,24718
10394,24881
10395,25090
10396,24902
10397,24924
10398,24907
10399,24843
10400,24711
10401,24717
10402,24834
10403,24900
10404,24680
10405,24886
10406,24951
10407,24819
10408,24812
10409,25088
10410,24677
10411,24851
10412,25078
10413,24800
10414,24923
10415,24743
10416,24972
10417,25021
10418,24908
10419,24769
10420,25127
10421,24931
10422,24669
10423,25073
10424,24813
10425,24865
10426,24982
10427,24957
10428,24820
10429,24776
10430,24717
10431,24950
10432,25203
10433,24992
10434,24924
10435,25095
10436,24917
10437,24734
10438,24791
10439,24932
10440,24670
10441,24983
10442,24667
10443,24760
10444,24314
10445,24065
10446,23899
10447,23836
10448,23721
10449,23042
10450,23086
10451,22991
10452,22782
10453,22498
10454,22196
10455,22004
10456,22016
10457,21583
10458,21526
10459,21411
10460,20966
10461,20637
10462,20627
10463,20441
10464,20342
10465,20091
10466,19764
10467,19566
10468,19150
10469,19146
10470,18893
10471,18751
10472,18394
10473,18097
10474,18158
10475,17950
10476,17529
10477,17130
10478,17585
10479,16996
10480,16936
10481,16733
10482,16459
10483,16161
10484,16221
10485,15886
10486,15553
10487,15690
10488,15228
10489,14929
10490,14809
10491,14583
10492,14512
10493,14255
10494,13870
10495,13826
10496,13650
10497,13399
10498,13085
10499,13065
10500,12838
10501,12542
10502,12352
10503,12310
10504,11976
10505,11815
10506,11657
10507,11254
10508,11021
10509,10902
10510,10674
10511,10387
10512,10291
10513,9967
10514,9755
10515,9515
10516,9330
10517,9318
10518,8982
10519,8880
10520,8740
10521,8518
10522,8182
10523,8023
10524,7716
10525,7659
10526,7362
10527,7204
10528,7025
10529,6931
10530,6510
10531,6368
10532,6220
10533,6114
10534,5693
10535,5541
10536,5447
10537,5137
10538,4982
10539,4837
10540,4588
10541,4415
10542,4120
10543,3991
10544,3790
10545,3510
10546,3428
10547,3079
10548,2926
10549,2694
10550,2575
10551,2323
10552,2041
10553,1795
10554,1657
10555,1421
10556,1322
10557,1028
10558,856
10559,595
10560,406
10561,219
