9001,9122
9002,9123
9003,9124
9004,9125
9005,9126
9006,9127
9007,9128
9008,9129
9009,9130
9010,9131
9011,9132
9012,9133
9013,9134
9014,9135
9015,9136
9016,9137
9017,9138
9018,9139
9019,9140
9020,9141
9021,9142
9022,9143
9023,9144
9024,9145
9025,9146
9026,9147
9027,9148
9028,9149
9029,9150
9030,9151
9031,9152
9032,9153
9033,9154
9034,9155
9035,9156
9036,9157
9037,9158
9038,9159
9039,9160
9040,9161
9041,9162
9042,9163
9043,9164
9044,9165
9045,9166
9046,9167
9047,9168
9048,9169
9049,9170
9050,9171
9051,9172
9052,9173
9053,9174
9054,9175
9055,9176
9056,9177
9057,9178
9058,9179
9059,9180
9060,9181
9061,9182
9062,9183
9063,9184
9064,9185
9065,9186
9066,9187
9067,9188
9068,9189
9069,9190
9070,9191
9071,9192
9072,9193
9073,9194
9074,9195
9075,9196
9076,9197
9077,9198
9078,9199
9079,9200
9080,9201
9081,9202
9082,9203
9083,9204
9084,9205
9085,9206
9086,9207
9087,9208
9088,9209
9089,9210
9090,9211
9091,9212
9092,9213
9093,9214
9094,9215
9095,9216
9096,9217
9097,9218
9098,9219
9099,9220
9100,9221
9101,9222
9102,9223
9103,9224
9104,9225
9105,9226
9106,9227
9107,9228
9108,9229
9109,9230
9110,9231
9111,9232
9112,9233
9113,9234
9114,9235
9115,9236
9116,9237
9117,9238
9118,9239
9119,9240
9120,9241
9121,9242
9122,9243
9123,9244
9124,9245
9125,9246
9126,9247
9127,9248
9128,9249
9129,9250
9130,9251
9131,9252
9132,9253
9133,9254
9134,9255
9135,9256
9136,9257
9137,9258
9138,9259
9139,9260
9140,9261
9141,9262
9142,9263
9143,9264
9144,9265
9145,9266
9146,9267
9147,9268
9148,9269
9149,9270
9150,9271
9151,9272
9152,9273
9153,9274
9154,9275
9155,9276
9156,9277
9157,9278
9158,9279
9159,9280
9160,9281
9161,9282
9162,9283
9163,9284
9164,9285
9165,9286
9166,9287
9167,9288
9168,9289
9169,9290
9170,9291
9171,9292
9172,9293
9173,9294
9174,9295
9175,9296
9176,9297
9177,9298
9178,9299
9179,9300
9180,9301
9181,9302
9182,9303
9183,9304
9184,9305
9185,9306
9186,9307
9187,9308
9188,9309
9189,9310
9190,9311
9191,9312
9192,9313
9193,9314
9194,9315
9195,9316
9196,9317
9197,9318
9198,9319
9199,9320
9200,9321
9201,9322
9202,9323
9203,9324
9204,9325
9205,9326
9206,9327
9207,9328
9208,9329
9209,9330
9210,9331
9211,9332
9212,9333
9213,9334
9214,9335
9215,9336
9216,9337
9217,9338
9218,9339
9219,9340
9220,9341
9221,9342
9222,9343
9223,9344
9224,9345
9225,9346
9226,9347
9227,9348
9228,9349
9229,9350
9230,9351
9231,9352
9232,9353
9233,9354
9234,9355
9235,9356
9236,9357
9237,9358
9238,9359
9239,9360
9240,9361
9241,9362
9242,9363
9243,9364
9244,9365
9245,9366
9246,9367
9247,9368
9248,9369
9249,9370
9250,9371
9251,9372
9252,9373
9253,9374
9254,9375
9255,9376
9256,9377
9257,9378
9258,9379
9259,9380
9260,9381
9261,9382
9262,9383
9263,9384
9264,9385
9265,9386
9266,9387
9267,9388
9268,9389
9269,9390
9270,9391
9271,9392
9272,9393
9273,9394
9274,9395
9275,9396
9276,9397
9277,9398
9278,9399
9279,9400
9280,9401
9281,9402
9282,9403
9283,9404
9284,9405
9285,9406
9286,9407
9287,9408
9288,9409
9289,9410
9290,9411
9291,9412
9292,9413
9293,9414
9294,9415
9295,9416
9296,9417
9297,9418
9298,9419
9299,9420
9300,9421
9301,9422
9302,9423
9303,9424
9304,9425
9305,9426
9306,9427
9307,9428
9308,9429
9309,9430
9310,9431
9311,9432
9312,9433
9313,9434
9314,9435
9315,9436
9316,9437
9317,9438
9318,9439
9319,9440
9320,9441
9321,9442
9322,9443
9323,9444
9324,9445
9325,9446
9326,9447
9327,9448
9328,9449
9329,9450
9330,9451
9331,9452
9332,9453
9333,9454
9334,9455
9335,9456
9336,9457
9337,9458
9338,9459
9339,9460
9340,9461
9341,9462
9342,9463
9343,9464
9344,9465
9345,9466
9346,9467
9347,9468
9348,9469
9349,9470
9350,9471
9351,9472
9352,9473
9353,9474
9354,9475
9355,9476
9356,9477
9357,9478
9358,9479
9359,9480
9360,9481
9361,9482
9362,9483
9363,9484
9364,9485
9365,9486
9366,9487
9367,9488
9368,9489
9369,9490
9370,9491
9371,9492
9372,9493
9373,9494
9374,9495
9375,9496
9376,9497
9377,9498
9378,9499
9379,9500
9380,9501
9381,9502
9382,9503
9383,9504
9384,9505
9385,9506
9386,9507
9387,9508
9388,9509
9389,9510
9390,9511
9391,9512
9392,9513
9393,9514
9394,9515
9395,9516
9396,9517
9397,9518
9398,9519
9399,9520
9400,9521
9401,9522
9402,9523
9403,9524
9404,9525
9405,9526
9406,9527
9407,9528
9408,9529
9409,9530
9410,9531
9411,9532
9412,9533
9413,9534
9414,9535
9415,9536
9416,9537
9417,9538
9418,9539
9419,9540
9420,9541
9421,9542
9422,9543
9423,9544
9424,9545
9425,9546
9426,9547
9427,9548
9428,9549
9429,9550
9430,9551
9431,9552
9432,9553
9433,9554
9434,9555
9435,9556
9436,9557
9437,9558
9438,9559
9439,9560
9440,9561
9441,9562
9442,9563
9443,9564
9444,9565
9445,9566
9446,9567
9447,9568
9448,9569
9449,9570
9450,9571
9451,9572
9452,9573
9453,9574
9454,9575
9455,9576
9456,9577
9457,9578
9458,9579
9459,9580
9460,9581
9461,9582
9462,9583
9463,9584
9464,9585
9465,9586
9466,9587
9467,9588
9468,9589
9469,9590
9470,9591
9471,9592
9472,9593
9473,9594
9474,9595
9475,9596
9476,9597
9477,9598
9478,9599
9479,9600
9480,9601
9481,9602
9482,9603
9483,9604
9484,9605
9485,9606
9486,9607
9487,9608
9488,9609
9489,9610
9490,9611
9491,9612
9492,9613
9493,9614
9494,9615
9495,9616
9496,9617
9497,9618
9498,9619
9499,9620
9500,9621
9501,9622
9502,9623
9503,9624
9504,9625
9505,9626
9506,9627
9507,9628
9508,9629
9509,9630
9510,9631
9511,9632
9512,9633
9513,9634
9514,9635
9515,9636
9516,9637
9517,9638
9518,9639
9519,9640
9520,9641
9521,9642
9522,9643
9523,9644
9524,9645
9525,9646
9526,9647
9527,9648
9528,9649
9529,9650
9530,9651
9531,9652
9532,9653
9533,9654
9534,9655
9535,9656
9536,9657
9537,9658
9538,9659
9539,9660
9540,9661
9541,9662
9542,9663
9543,9664
9544,9665
9545,9666
9546,9667
9547,9668
9548,9669
9549,9670
9550,9671
9551,9672
9552,9673
9553,9674
9554,9675
9555,9676
9556,9677
9557,9678
9558,9679
9559,9680
9560,9681
9561,9682
9562,9683
9563,9684
9564,9685
9565,9686
9566,9687
9567,9688
9568,9689
9569,9690
9570,9691
9571,9692
9572,9693
9573,9694
9574,9695
9575,9696
9576,9697
9577,9698
9578,9699
9579,9700
9580,9701
9581,9702
9582,9703
9583,9704
9584,9705
9585,9706
9586,9707
9587,9708
9588,9709
9589,9710
9590,9711
9591,9712
9592,9713
9593,9714
9594,9715
9595,9716
9596,9717
9597,9718
9598,9719
9599,9720
9600,9721
9601,9722
9602,9723
9603,9724
9604,9725
9605,9726
9606,9727
9607,9728
9608,9729
9609,9730
9610,9731
9611,9732
9612,9733
9613,9734
9614,9735
9615,9736
9616,9737
9617,9738
9618,9739
9619,9740
9620,9741
9621,9742
9622,9743
9623,9744
9624,9745
9625,9746
9626,9747
9627,9748
9628,9749
9629,9750
9630,9751
9631,9752
9632,9753
9633,9754
9634,9755
9635,9756
9636,9757
9637,9758
9638,9759
9639,9760
9640,9761
9641,9762
9642,9763
9643,9764
9644,9765
9645,9766
9646,9767
9647,9768
9648,9769
9649,9770
9650,9771
9651,9772
9652,9773
9653,9774
9654,9775
9655,9776
9656,9777
9657,9778
9658,9779
9659,9780
9660,9781
9661,9782
9662,9783
9663,9784
9664,9785
9665,9786
9666,9787
9667,9788
9668,9789
9669,9790
9670,9791
9671,9792
9672,9793
9673,9794
9674,9795
9675,9796
9676,9797
9677,9798
9678,9799
9679,9800
9680,9801
9681,9802
9682,9803
9683,9804
9684,9805
9685,9806
9686,9807
9687,9808
9688,9809
9689,9810
9690,9811
9691,9812
9692,9813
9693,9814
9694,9815
9695,9816
9696,9817
9697,9818
9698,9819
9699,9820
9700,9821
9701,9822
9702,9823
9703,9824
9704,9825
9705,9826
9706,9827
9707,9828
9708,9829
9709,9830
9710,9831
9711,9832
9712,9833
9713,9834
9714,9835
9715,9836
9716,9837
9717,9838
9718,9839
9719,9840
9720,9841
9721,9842
9722,9843
9723,9844
9724,9845
9725,9846
9726,9847
9727,9848
9728,9849
9729,9850
9730,9851
9731,9852
9732,9853
9733,9854
9734,9855
9735,9856
9736,9857
9737,9858
9738,9859
9739,9860
9740,9861
9741,9862
9742,9863
9743,9864
9744,9865
9745,9866
9746,9867
9747,9868
9748,9869
9749,9870
9750,9871
9751,9872
9752,9873
9753,9874
9754,9875
9755,9876
9756,9877
9757,9878
9758,9879
9759,9880
9760,9881
9761,9882
9762,9883
9763,9884
9764,9885
9765,9886
9766,9887
9767,9888
9768,9889
9769,9890
9770,9891
9771,9892
9772,9893
9773,9894
9774,9895
9775,9896
9776,9897
9777,9898
9778,9899
9779,9900
9780,9901
9781,9902
9782,9903
9783,9904
9784,9905
9785,9906
9786,9907
9787,9908
9788,9909
9789,9910
9790,9911
9791,9912
9792,9913
9793,9914
9794,9915
9795,9916
9796,9917
9797,9918
9798,9919
9799,9920
9800,9921
9801,9922
9802,9923
9803,9924
9804,9925
9805,9926
9806,9927
9807,9928
9808,9929
9809,9930
9810,9931
9811,9932
9812,9933
9813,9934
9814,9935
9815,9936
9816,9937
9817,9938
9818,9939
9819,9940
9820,9941
9821,9942
9822,9943
9823,9944
9824,9945
9825,9946
9826,9947
9827,9948
9828,9949
9829,9950
9830,9951
9831,9952
9832,9953
9833,9954
9834,9955
9835,9956
9836,9957
9837,9958
9838,9959
9839,9960
9840,9961
9841,9962
9842,9963
9843,9964
9844,9965
9845,9966
9846,9967
9847,9968
9848,9969
9849,9970
9850,9971
9851,9972
9852,9973
9853,9974
9854,9975
9855,9976
9856,9977
9857,9978
9858,9979
9859,9980
9860,9981
9861,9982
9862,9983
9863,9984
9864,9985
9865,9986
9866,9987
9867,9988
9868,9989
9869,9990
9870,9991
9871,9992
9872,9993
9873,9994
9874,9995
9875,9996
9876,9997
9877,9998
9878,9999
9879,10000
9880,10001
9881,10002
9882,10003
9883,10004
9884,10005
9885,10006
9886,10007
9887,10008
9888,10009
9889,10010
9890,10011
9891,10012
9892,10013
9893,10014
9894,10015
9895,10016
9896,10017
9897,10018
9898,10019
9899,10020
9900,10021
9901,10022
9902,10023
9903,10024
9904,10025
9905,10026
9906,10027
9907,10028
9908,10029
9909,10030
9910,10031
9911,10032
9912,10033
9913,10034
9914,10035
9915,10036
9916,10037
9917,10038
9918,10039
9919,10040
9920,10041
9921,10042
9922,10043
9923,10044
9924,10045
9925,10046
9926,10047
9927,10048
9928,10049
9929,10050
9930,10051
9931,10052
9932,10053
9933,10054
9934,10055
9935,10056
9936,10057
9937,10058
9938,10059
9939,10060
9940,10061
9941,10062
9942,10063
9943,10064
9944,10065
9945,10066
9946,10067
9947,10068
9948,10069
9949,10070
9950,10071
9951,10072
9952,10073
9953,10074
9954,10075
9955,10076
9956,10077
9957,10078
9958,10079
9959,10080
9960,10081
9961,10082
9962,10083
9963,10084
9964,10085
9965,10086
9966,10087
9967,10088
9968,10089
9969,10090
9970,10091
9971,10092
9972,10093
9973,10094
9974,10095
9975,10096
9976,10097
9977,10098
9978,10099
9979,10100
9980,10101
9981,10102
9982,10103
9983,10104
9984,10105
9985,10106
9986,10107
9987,10108
9988,10109
9989,10110
9990,10111
9991,10112
9992,10113
9993,10114
9994,10115
9995,10116
9996,10117
9997,10118
9998,10119
9999,10120
10000,10121
10001,10122
10002,10123
10003,10124
10004,10125
10005,10126
10006,10127
10007,10128
10008,10129
10009,10130
10010,10131
10011,10132
10012,10133
10013,10134
10014,10135
10015,10136
10016,10137
10017,10138
10018,10139
10019,10140
10020,10141
10021,10142
10022,10143
10023,10144
10024,10145
10025,10146
10026,10147
10027,10148
10028,10149
10029,10150
10030,10151
10031,10152
10032,10153
10033,10154
10034,10155
10035,10156
10036,10157
10037,10158
10038,10159
10039,10160
10040,10161
10041,10162
10042,10163
10043,10164
10044,10165
10045,10166
10046,10167
10047,10168
10048,10169
10049,10170
10050,10171
10051,10172
10052,10173
10053,10174
10054,10175
10055,10176
10056,10177
10057,10178
10058,10179
10059,10180
10060,10181
10061,10182
10062,10183
10063,10184
10064,10185
10065,10186
10066,10187
10067,10188
10068,10189
10069,10190
10070,10191
10071,10192
10072,10193
10073,10194
10074,10195
10075,10196
10076,10197
10077,10198
10078,10199
10079,10200
10080,10201
10081,10202
10082,10203
10083,10204
10084,10205
10085,10206
10086,10207
10087,10208
10088,10209
10089,10210
10090,10211
10091,10212
10092,10213
10093,10214
10094,10215
10095,10216
10096,10217
10097,10218
10098,10219
10099,10220
10100,10221
10101,10222
10102,10223
10103,10224
10104,10225
10105,10226
10106,10227
10107,10228
10108,10229
10109,10230
10110,10231
10111,10232
10112,10233
10113,10234
10114,10235
10115,10236
10116,10237
10117,10238
10118,10239
10119,10240
10120,10241
10121,10242
10122,10243
10123,10244
10124,10245
10125,10246
10126,10247
10127,10248
10128,10249
10129,10250
10130,10251
10131,10252
10132,10253
10133,10254
10134,10255
10135,10256
10136,10257
10137,10258
10138,10259
10139,10260
10140,10261
10141,10262
10142,10263
10143,10264
10144,10265
10145,10266
10146,10267
10147,10268
10148,10269
10149,10270
10150,10271
10151,10272
10152,10273
10153,10274
10154,10275
10155,10276
10156,10277
10157,10278
10158,10279
10159,10280
10160,10281
10161,10282
10162,10283
10163,10284
10164,10285
10165,10286
10166,10287
10167,10288
10168,10289
10169,10290
10170,10291
10171,10292
10172,10293
10173,10294
10174,10295
10175,10296
10176,10297
10177,10298
10178,10299
10179,10300
10180,10301
10181,10302
10182,10303
10183,10304
10184,10305
10185,10306
10186,10307
10187,10308
10188,10309
10189,10310
10190,10311
10191,10312
10192,10313
10193,10314
10194,10315
10195,10316
10196,10317
10197,10318
10198,10319
10199,10320
10200,10321
10201,10322
10202,10323
10203,10324
10204,10325
10205,10326
10206,10327
10207,10328
10208,10329
10209,10330
10210,10331
10211,10332
10212,10333
10213,10334
10214,10335
10215,10336
10216,10337
10217,10338
10218,10339
10219,10340
10220,10341
10221,10342
10222,10343
10223,10344
10224,10345
10225,10346
10226,10347
10227,10348
10228,10349
10229,10350
10230,10351
10231,10352
10232,10353
10233,10354
10234,10355
10235,10356
10236,10357
10237,10358
10238,10359
10239,10360
10240,10361
10241,10362
10242,10363
10243,10364
10244,10365
10245,10366
10246,10367
10247,10368
10248,10369
10249,10370
10250,10371
10251,10372
10252,10373
10253,10374
10254,10375
10255,10376
10256,10377
10257,10378
10258,10379
10259,10380
10260,10381
10261,10382
10262,10383
10263,10384
10264,10385
10265,10386
10266,10387
10267,10388
10268,10389
10269,10390
10270,10391
10271,10392
10272,10393
10273,10394
10274,10395
10275,10396
10276,10397
10277,10398
10278,10399
10279,10400
10280,10401
10281,10402
10282,10403
10283,10404
10284,10405
10285,10406
10286,10407
10287,10408
10288,10409
10289,10410
10290,10411
10291,10412
10292,10413
10293,10414
10294,10415
10295,10416
10296,10417
10297,10418
10298,10419
10299,10420
10300,10421
10301,10422
10302,10423
10303,10424
10304,10425
10305,10426
10306,10427
10307,10428
10308,10429
10309,10430
10310,10431
10311,10432
10312,10433
10313,10434
10314,10435
10315,10436
10316,10437
10317,10438
10318,10439
10319,10440
10320,10441
10321,10442
10322,10443
10323,10444
10324,10445
10325,10446
10326,10447
10327,10448
10328,10449
10329,10450
10330,10451
10331,10452
10332,10453
10333,10454
10334,10455
10335,10456
10336,10457
10337,10458
10338,10459
10339,10460
10340,10461
10341,10462
10342,10463
10343,10464
10344,10465
10345,10466
10346,10467
10347,10468
10348,10469
10349,10470
10350,10471
10351,10472
10352,10473
10353,10474
10354,10475
10355,10476
10356,10477
10357,10478
10358,10479
10359,10480
10360,10481
10361,10482
10362,10483
10363,10484
10364,10485
10365,10486
10366,10487
10367,10488
10368,10489
10369,10490
10370,10491
10371,10492
10372,10493
10373,10494
10374,10495
10375,10496
10376,10497
10377,10498
10378,10499
10379,10500
10380,10501
10381,10502
10382,10503
10383,10504
10384,10505
10385,10506
10386,10507
10387,10508
10388,10509
10389,10510
10390,10511
10391,10512
10392,10513
10393,10514
10394,10515
10395,10516
10396,10517
10397,10518
10398,10519
10399,10520
10400,10521
10401,10522
10402,10523
10403,10524
10404,10525
10405,10526
10406,10527
10407,10528
10408,10529
10409,10530
10410,10531
10411,10532
10412,10533
10413,10534
10414,10535
10415,10536
10416,10537
10417,10538
10418,10539
10419,10540
10420,10541
10421,10542
10422,10543
10423,10544
10424,10545
10425,10546
10426,10547
10427,10548
10428,10549
10429,10550
10430,10551
10431,10552
10432,10553
10433,10554
10434,10555
10435,10556
10436,10557
10437,10558
10438,10559
10439,10560
10440,10561
